  
       XFOIL         Version 6.99
  
 Calculated polar for: NACA 0012                                       
  
 1 1 Reynolds number fixed          Mach number fixed         
  
 xtrf =   1.000 (top)        1.000 (bottom)  
 Mach =   0.150     Re =     3.000 e 6     Ncrit =   9.000
  
   alpha    CL        CD       CDp       CM     Top_Xtr  Bot_Xtr
  ------ -------- --------- --------- -------- -------- --------
  -5.000  -0.5579   0.00689   0.00221  -0.0028   0.9272   0.0855
  -4.000  -0.4487   0.00625   0.00166  -0.0016   0.8681   0.1423
  -3.000  -0.3382   0.00575   0.00124  -0.0008   0.7893   0.2234
  -2.000  -0.2263   0.00539   0.00096  -0.0003   0.6986   0.3176
  -1.000  -0.1134   0.00520   0.00080  -0.0001   0.6043   0.4135
   0.000   0.0000   0.00514   0.00075  -0.0000   0.5088   0.5088
   1.000   0.1134   0.00520   0.00080   0.0001   0.4131   0.6042
   2.000   0.2263   0.00539   0.00096   0.0003   0.3169   0.6984
   3.000   0.3382   0.00575   0.00124   0.0008   0.2229   0.7893
   4.000   0.4487   0.00625   0.00166   0.0016   0.1423   0.8682
   5.000   0.5579   0.00689   0.00221   0.0028   0.0853   0.9273
   6.000   0.6651   0.00761   0.00284   0.0045   0.0540   0.9679
   7.000   0.7812   0.00842   0.00357   0.0042   0.0375   0.9887
   8.000   0.9094   0.00939   0.00446   0.0010   0.0272   0.9956
   9.000   1.0387   0.01052   0.00555  -0.0025   0.0206   0.9995
  10.000   1.1337   0.01162   0.00667   0.0014   0.0173   1.0000
  11.000   1.2266   0.01284   0.00795   0.0055   0.0150   1.0000
  12.000   1.3214   0.01438   0.00959   0.0089   0.0132   1.0000
  13.000   1.4112   0.01629   0.01160   0.0128   0.0114   1.0000
  14.000   1.4941   0.01838   0.01385   0.0174   0.0106   1.0000
  15.000   1.5542   0.02101   0.01666   0.0249   0.0097   1.0000
