Name =        S1210 12% 
Mach = 0.; Re = 100000; T.U. = 1.0; T.L. = 1.0
Surface Finish = 2; Stall model = 1; Transition model = 8; Aspect Ratio = 0; ground effect = 0
?	Cl	Cd	Cm 0.25	T.U.	T.L.	S.U.	S.L.	L/D	A.C.	C.P.
[°]	[-]	[-]	[-]	[-]	[-]	[-]	[-]	[-]	[-]	[-]
-10.0	0.122	0.07239	-0.248	0.982	0.004	0.985	0.005	1.680	0.290	2.290
-9.0	0.254	0.06257	-0.253	0.981	0.004	0.985	0.006	4.063	0.290	1.247
-8.0	0.387	0.05430	-0.259	0.980	0.005	0.986	0.006	7.120	0.290	0.919
-7.0	0.517	0.04341	-0.264	0.936	0.005	0.989	0.006	11.912	0.291	0.760
-6.0	0.644	0.03832	-0.269	0.751	0.005	0.993	0.006	16.819	0.292	0.668
-5.0	0.767	0.03392	-0.275	0.659	0.006	0.993	0.007	22.628	0.294	0.608
-4.0	0.886	0.03105	-0.280	0.487	0.007	0.994	0.009	28.523	0.365	0.566
-3.0	0.951	0.01934	-0.296	0.437	0.010	0.994	0.927	49.158	0.307	0.561
-2.0	1.070	0.01788	-0.290	0.400	0.202	0.993	0.464	59.827	0.269	0.521
-1.0	1.188	0.01977	-0.300	0.388	0.208	0.993	0.999	60.109	0.296	0.503
-0.0	1.306	0.02044	-0.301	0.378	0.215	0.993	0.999	63.906	0.259	0.481
1.0	1.408	0.02093	-0.302	0.369	0.225	0.992	0.999	67.287	0.260	0.465
2.0	1.522	0.02158	-0.303	0.361	0.247	0.991	0.999	70.547	0.259	0.449
3.0	1.635	0.02258	-0.304	0.355	0.295	0.990	0.999	72.419	0.259	0.436
4.0	1.747	0.02383	-0.305	0.348	0.381	0.990	1.000	73.317	0.260	0.425
5.0	1.857	0.02539	-0.306	0.313	0.532	0.989	1.000	73.121	0.260	0.415
6.0	1.965	0.02817	-0.307	0.253	0.813	0.988	1.000	69.768	0.261	0.406
7.0	2.069	0.02999	-0.309	0.185	0.937	0.986	0.999	68.985	0.263	0.399
8.0	2.166	0.05229	-0.310	0.070	0.947	0.981	0.999	41.427	0.268	0.393
9.0	2.248	0.05673	-0.312	0.060	0.999	0.975	0.999	39.625	-3.481	0.389
10.0	2.161	0.06469	-0.330	0.054	0.999	0.820	0.999	33.401	0.014	0.403
11.0	2.107	0.07925	-0.345	0.000	0.999	0.698	0.999	26.591	-0.036	0.414
12.0	2.071	0.09169	-0.356	0.000	0.999	0.614	0.999	22.588	0.067	0.422
13.0	1.981	0.08724	-0.368	0.000	0.999	0.000	0.999	22.702	0.102	0.436
14.0	1.955	0.10161	-0.373	0.000	0.999	0.000	0.999	19.235	0.110	0.441
15.0	1.910	0.11993	-0.378	0.000	0.999	0.000	0.999	15.928	0.158	0.448
16.0	1.848	0.14167	-0.383	0.000	0.999	0.000	1.000	13.045	0.179	0.457
17.0	1.773	0.17031	-0.388	0.000	0.999	0.000	1.000	10.409	0.191	0.469
18.0	1.685	0.19977	-0.393	0.000	0.999	0.000	1.000	8.437	0.198	0.483
19.0	1.589	0.23816	-0.398	0.000	0.999	0.000	1.000	6.674	0.202	0.500
20.0	1.490	0.27037	-0.402	0.000	0.999	0.000	1.000	5.510	0.203	0.520


